-5 0.544021 -0.759688
-4.9 0.366479 -0.533584
-4.8 0.174327 -0.259817
-4.7 -0.0247754 0.0371584
-4.6 -0.22289 0.330815
-4.5 -0.412118 0.594921
-4.4 -0.584917 0.805884
-4.3 -0.734397 0.94486
-4.2 -0.854599 0.999435
-4.1 -0.940731 0.964733
-4 -0.989358 0.843854
-3.9 -0.998543 0.647596
-3.8 -0.96792 0.393491
-3.7 -0.898708 0.104236
-3.6 -0.793668 -0.19433
-3.5 -0.656987 -0.475537
-3.4 -0.494113 -0.714266
-3.3 -0.311541 -0.889191
-3.2 -0.116549 -0.984688
-3.1 0.0830894 -0.992225
-3 0.279415 -0.91113
-2.9 0.464602 -0.748647
-2.8 0.631267 -0.519289
-2.7 0.772764 -0.243544
-2.6 0.883455 0.0539554
-2.5 0.958924 0.346635
-2.4 0.996165 0.608351
-2.3 0.993691 0.815725
-2.2 0.951602 0.950233
-2.1 0.871576 0.999859
-2 0.756802 0.96017
-1.9 0.611858 0.834713
-1.8 0.44252 0.634693
-1.7 0.255541 0.377978
-1.6 0.0583741 0.087499
-1.5 -0.14112 -0.210796
-1.4 -0.334988 -0.490261
-1.3 -0.515501 -0.725932
-1.2 -0.675463 -0.896758
-1.1 -0.808496 -0.98748
-1 -0.909297 -0.989992
-0.9 -0.973848 -0.904072
-0.8 -0.999574 -0.737394
-0.7 -0.98545 -0.504846
-0.6 -0.932039 -0.227202
-0.5 -0.841471 0.0707372
-0.4 -0.717356 0.362358
-0.3 -0.564642 0.62161
-0.2 -0.389418 0.825336
-0.1 -0.198669 0.955336
-1.02696e-15 -2.05391e-15 1
0.1 0.198669 0.955336
0.2 0.389418 0.825336
0.3 0.564642 0.62161
0.4 0.717356 0.362358
0.5 0.841471 0.0707372
0.6 0.932039 -0.227202
0.7 0.98545 -0.504846
0.8 0.999574 -0.737394
0.9 0.973848 -0.904072
1 0.909297 -0.989992
1.1 0.808496 -0.98748
1.2 0.675463 -0.896758
1.3 0.515501 -0.725932
1.4 0.334988 -0.490261
1.5 0.14112 -0.210796
1.6 -0.0583741 0.087499
1.7 -0.255541 0.377978
1.8 -0.44252 0.634693
1.9 -0.611858 0.834713
2 -0.756802 0.96017
2.1 -0.871576 0.999859
2.2 -0.951602 0.950233
2.3 -0.993691 0.815725
2.4 -0.996165 0.608351
2.5 -0.958924 0.346635
2.6 -0.883455 0.0539554
2.7 -0.772764 -0.243544
2.8 -0.631267 -0.519289
2.9 -0.464602 -0.748647
3 -0.279415 -0.91113
3.1 -0.0830894 -0.992225
3.2 0.116549 -0.984688
3.3 0.311541 -0.889191
3.4 0.494113 -0.714266
3.5 0.656987 -0.475537
3.6 0.793668 -0.19433
3.7 0.898708 0.104236
3.8 0.96792 0.393491
3.9 0.998543 0.647596
4 0.989358 0.843854
4.1 0.940731 0.964733
4.2 0.854599 0.999435
4.3 0.734397 0.94486
4.4 0.584917 0.805884
4.5 0.412118 0.594921
4.6 0.22289 0.330815
4.7 0.0247754 0.0371584
4.8 -0.174327 -0.259817
4.9 -0.366479 -0.533584
5 -0.544021 -0.759688
