0
{0,0,0,0,0,0,0,0,0,0,10000,0,0,0,0,0,0,0,0,0} 

0.3
{943,660,639,596,563,533,587,553,512,521,487,426,456,416,430,386,376,368,353,195} 

0.6
{1000,617,559,567,618,573,537,550,554,504,474,455,442,430,424,389,390,367,368,182} 

0.9
{927,664,607,603,596,614,544,515,553,496,461,448,480,403,427,397,380,366,343,176} 

1.2
{934,650,655,579,570,585,542,550,500,520,497,474,454,432,425,376,374,354,344,185} 

1.5
{914,663,587,595,584,530,517,541,551,535,504,486,445,444,395,411,393,392,348,165} 

1.8
{962,618,626,608,569,588,521,556,494,482,511,498,449,441,407,401,370,356,365,178} 

2.1
{940,646,648,639,581,577,556,558,495,492,488,456,432,395,423,361,402,374,343,194} 

2.4
{959,668,623,643,532,552,552,511,530,514,492,478,421,453,418,398,368,347,324,217} 

2.7
{962,613,578,647,620,591,581,489,516,490,517,466,432,426,409,389,351,388,357,178} 

3
{963,667,590,595,588,554,536,493,530,508,470,503,483,430,440,395,365,369,370,151} 

3.3
{958,671,625,623,629,539,553,532,550,464,484,440,438,422,409,431,350,370,329,183} 

3.6
{961,624,611,616,625,550,534,540,506,520,433,496,431,474,406,408,391,343,351,180} 

3.9
{941,645,670,616,575,578,575,539,514,477,502,462,467,458,410,349,353,366,335,168} 

4.2
{945,658,625,610,596,570,588,552,511,465,489,458,443,471,353,368,369,363,369,197} 

4.5
{933,594,634,599,605,572,564,511,529,507,482,470,466,436,422,375,405,373,342,181} 

4.8
{991,639,623,619,568,594,524,526,507,506,499,463,449,431,413,386,384,349,346,183} 

5.1
{941,670,573,594,577,574,575,545,544,497,495,433,450,432,411,390,404,370,351,174} 

5.4
{944,637,666,621,597,599,562,533,517,478,450,465,432,429,381,396,398,363,343,189} 

5.7
{966,634,570,566,591,555,546,550,548,506,483,489,457,422,414,409,405,351,319,219} 

6
{942,684,601,595,565,604,551,564,516,478,488,474,457,397,401,408,372,369,343,191} 

6.3
{932,620,648,626,573,587,569,533,532,474,493,481,469,429,412,408,363,356,312,183} 

6.6
{942,645,601,601,559,556,565,573,545,521,488,452,470,422,417,383,357,361,363,179} 

6.9
{940,633,622,625,562,567,562,535,539,478,517,491,440,431,426,364,380,389,320,179} 

7.2
{983,588,617,575,595,550,564,529,489,507,470,456,472,460,408,399,369,402,369,198} 

7.5
{927,671,629,612,602,529,566,525,505,520,457,486,420,422,427,441,380,365,317,199} 

7.8
{978,619,597,621,595,594,576,536,510,454,519,457,462,471,371,367,395,360,336,182} 

8.1
{934,631,664,642,591,563,568,513,563,512,490,457,417,393,419,384,375,371,324,189} 

8.4
{945,622,613,620,572,601,537,571,485,523,473,513,433,411,438,387,369,353,339,195} 

8.7
{936,657,651,645,573,551,558,527,522,507,493,416,447,442,415,396,398,341,320,205} 

9
{935,644,623,641,581,565,563,536,488,486,488,503,430,430,383,379,416,378,340,191} 

9.3
{872,684,619,575,603,593,533,512,515,485,483,446,473,444,421,406,381,396,376,183} 

9.6
{916,647,590,567,622,575,594,531,539,513,509,433,460,452,420,380,365,365,339,183} 

9.9
{955,635,630,604,601,568,497,519,526,501,461,436,479,440,418,414,404,373,353,186} 

10.2
{919,649,622,637,546,556,546,526,514,502,511,478,471,406,428,415,385,369,330,190} 

10.5
{987,636,599,659,590,623,509,514,531,483,458,456,438,441,429,419,346,360,330,192} 

10.8
{911,609,699,596,591,575,546,539,509,537,495,452,459,458,388,369,345,363,365,194} 

11.1
{914,630,634,618,578,623,548,548,515,470,494,475,432,390,413,404,382,368,351,213} 

11.4
{951,684,595,621,574,531,533,552,494,518,478,458,453,440,413,399,366,364,367,209} 

11.7
{970,641,608,609,565,549,541,530,522,482,505,463,462,435,433,392,382,374,336,201} 

12
{945,639,612,661,630,539,543,532,512,498,488,469,432,403,397,400,388,386,362,164} 

12.3
{895,622,599,608,572,580,544,592,494,505,500,457,452,446,392,428,396,369,355,194} 

12.6
{939,675,635,585,593,539,565,549,487,487,461,489,429,437,418,435,385,367,319,206} 

12.9
{959,579,599,596,617,560,568,548,515,519,500,422,439,466,404,391,402,375,332,209} 

13.2
{916,623,639,659,594,597,562,541,557,466,471,454,421,409,416,406,353,391,331,194} 

13.5
{923,681,612,563,584,578,570,508,533,518,472,484,463,398,389,397,403,371,349,204} 

13.8
{913,661,630,641,616,552,538,547,537,527,471,456,444,423,396,364,378,358,350,198} 

14.1
{956,659,581,580,611,558,571,515,505,499,472,467,458,420,454,423,385,370,309,207} 

14.4
{979,675,610,593,620,587,556,537,506,462,460,465,445,403,434,430,407,313,356,162} 

14.7
{907,660,632,583,661,578,539,562,492,466,483,470,441,417,406,394,402,337,375,195} 

15
{924,637,658,597,572,553,570,569,502,518,469,473,400,427,423,424,367,370,358,189} 

15.3
{954,672,569,619,597,546,559,539,532,452,502,450,442,444,406,421,409,357,342,188} 

15.6
{906,656,620,637,576,568,531,568,534,507,501,463,452,434,403,393,376,347,327,201} 

15.9
{913,617,612,638,591,541,544,548,528,474,485,518,439,409,422,392,420,373,353,183} 

16.2
{993,655,634,549,578,588,521,513,503,485,495,474,459,421,404,389,389,394,367,189} 

16.5
{1019,662,603,584,600,559,579,532,532,495,462,483,456,417,378,351,375,383,331,199} 

16.8
{963,636,575,598,632,583,543,512,491,515,468,466,458,435,436,397,405,357,341,189} 

17.1
{941,636,629,609,564,581,558,540,529,493,476,449,450,442,434,397,405,370,318,179} 

17.4
{934,657,641,558,597,560,583,539,524,527,484,458,471,433,406,383,354,361,326,204} 

17.7
{983,643,590,577,618,559,498,517,510,512,444,469,473,453,425,423,390,358,368,190} 

18
{1014,643,632,596,601,617,509,507,497,510,501,479,459,418,385,392,360,389,337,154} 

18.3
{958,629,641,603,633,540,562,475,521,480,511,476,436,454,441,383,362,378,338,179} 

18.6
{971,655,653,572,595,539,556,527,519,510,513,494,442,400,441,384,374,345,331,179} 

18.9
{917,621,646,598,594,564,571,549,520,487,513,453,420,432,427,400,390,344,368,186} 

19.2
{1014,619,606,599,610,578,558,564,474,480,471,477,446,403,406,387,399,379,340,190} 

19.5
{921,672,594,604,576,571,572,562,537,515,495,434,500,424,381,361,371,345,356,209} 

19.8
{949,646,646,575,589,599,548,547,491,480,450,491,462,411,422,391,398,352,360,193} 

20.1
{982,637,622,602,581,550,555,535,540,491,454,496,473,413,371,386,392,395,324,201} 

20.4
{934,647,605,636,581,595,514,537,507,522,456,483,462,444,411,392,389,358,339,188} 

20.7
{968,670,635,580,581,596,561,555,544,478,438,472,425,451,430,393,361,348,324,190} 

21
{947,671,627,595,612,592,550,496,556,521,467,441,440,431,433,396,387,336,300,202} 

21.3
{976,608,618,624,549,570,553,540,543,499,457,464,417,436,392,432,391,357,377,197} 

21.6
{958,661,613,593,588,584,560,587,524,498,502,453,452,420,414,348,361,355,355,174} 

21.9
{880,673,631,606,574,535,545,548,521,464,481,493,476,449,409,397,423,355,344,196} 

22.2
{1011,613,585,653,557,553,557,517,509,518,492,460,451,448,405,399,368,352,356,196} 

22.5
{960,640,648,583,588,603,560,532,546,479,437,487,451,424,411,394,379,373,315,190} 

22.8
{969,662,630,580,565,571,520,553,528,462,495,474,448,414,411,399,390,360,371,198} 

23.1
{964,680,616,573,584,585,577,521,521,499,484,449,415,401,394,407,398,387,336,209} 

23.4
{947,625,715,642,584,545,539,505,548,477,468,486,430,432,437,369,353,361,351,186} 

23.7
{982,665,653,606,587,583,501,547,549,529,481,460,423,410,412,388,382,332,341,169} 

24
{984,613,629,589,590,538,550,532,524,472,507,495,407,430,452,409,386,363,345,185} 

24.3
{961,625,623,601,573,531,568,513,548,476,468,511,445,467,402,408,382,364,333,201} 

24.6
{928,657,652,594,580,597,590,537,518,460,496,425,452,425,416,434,360,338,356,185} 

24.9
{970,654,620,587,568,602,508,535,516,502,490,484,453,433,424,396,367,390,320,181} 

25.2
{959,641,619,616,573,542,574,552,513,507,515,431,436,457,446,394,334,371,346,174} 

25.5
{916,630,609,591,609,604,562,510,555,484,463,477,419,404,427,428,381,374,331,226} 

25.8
{966,609,623,598,580,586,561,539,544,493,502,467,448,412,396,395,390,366,340,185} 

26.1
{940,652,629,602,556,609,519,531,497,487,465,440,479,441,458,417,405,344,356,173} 

26.4
{1032,653,607,624,585,529,561,521,538,492,460,496,411,411,446,363,377,361,337,196} 

26.7
{991,631,583,581,613,570,552,542,510,509,496,465,453,436,453,376,367,341,351,180} 

27
{899,658,597,622,567,552,571,599,523,467,494,451,463,476,416,393,395,344,352,161} 

27.3
{962,639,640,598,579,581,572,535,527,521,491,457,446,426,402,392,359,361,343,169} 

27.6
{966,613,648,586,611,558,605,554,516,477,510,447,424,415,422,379,404,347,327,191} 

27.9
{909,596,681,596,587,584,586,577,523,465,506,449,447,437,424,377,366,385,316,189} 

28.2
{996,664,610,607,579,572,525,571,535,499,460,471,446,397,416,357,401,377,326,191} 

28.5
{955,679,646,595,573,583,529,516,517,503,499,449,465,425,403,429,372,386,306,170} 

28.8
{968,591,598,626,610,576,597,536,485,534,473,459,442,442,424,418,354,322,347,198} 

29.1
{949,636,655,622,611,566,526,503,560,475,525,454,416,431,386,399,352,373,340,221} 

29.4
{1021,656,635,601,583,557,610,512,521,487,455,433,434,425,390,407,381,363,345,184} 

29.7
{948,689,622,570,585,580,581,536,452,514,498,432,463,420,430,411,372,361,380,156} 

30
{951,606,623,611,607,537,551,557,510,482,497,449,464,437,425,394,416,341,358,184} 

